abstract
uORF-mediated translation reguration Overall design: Ribosome profiling
